[10120_hi-res.jpg]
filters=autocolor=1;autolight=1;enhance=1;warm=1;Vignette=1,40.643276,1.309942,0.000000,00000000;Soften=1,8.771930,13.450292;radblur=1,0.360481,0.540918,0.918129,-1.000000;finetune2=1,0.000000,0.087018,0.000000,00000000,-0.157895;autocolor=1;autocolor=1;Orton=1,35.964912,53.216373,0.000000;radblur=1,0.500000,0.500000,-1.000000,-0.719298;
moddate=50e25260a92dd301
width=2648
height=1772
textactive=0
